99.00000000 92.00000000
93.00000000 90.00000000
93.00000000 87.00000000
103.00000000 110.00000000
112.00000000 102.00000000
91.00000000 89.00000000
95.00000000 93.00000000
94.00000000 87.00000000
107.00000000 103.00000000
111.00000000 102.00000000
94.00000000 98.00000000
92.00000000 91.00000000
90.00000000 108.00000000
104.00000000 110.00000000
104.00000000 95.00000000
91.00000000 99.00000000
95.00000000 93.00000000
104.00000000 88.00000000
106.00000000 90.00000000
86.00000000 110.00000000
88.00000000 97.00000000
84.00000000 108.00000000
94.00000000 95.00000000
93.00000000 97.00000000
102.00000000 111.00000000
103.00000000 109.00000000
106.00000000 104.00000000
104.00000000 108.00000000
97.00000000 105.00000000
110.00000000 97.00000000
